1 1
2 2
3 3
4 8
5 9
6 10
7 11
8 24
9 34
10 35
11 36
12 41
13 42
14 43
15 44
16 73
17 74
18 84
19 85
20 90
21 91
22 92
23 93
24 106
25 132
26 133
27 170
28 175
29 176
30 177
31 178
32 239
33 240
34 241
35 242
36 292
37 293
38 294
39 295
40 308
41 309
42 310
43 311
44 316
45 326
46 327
47 328
48 357
49 407
50 433
51 434
52 439
53 440
54 477
55 478
56 491
57 492
58 493
59 494
60 499
61 500
62 501
63 511
64 700
65 701
66 702
67 703
68 708
69 709
70 710
71 711
72 769
73 770
74 771
75 797
76 802
77 803
78 804
79 805
80 834
81 952
82 953
83 954
84 959
85 960
86 961
87 962
88 975
89 976
90 986
91 987
92 992
93 993
94 994
95 995
96 1056
97 1057
98 1107
99 1117
100 1247
