1 1
2 2
3 3
4 8
5 9
6 10
7 11
8 24
9 34
10 35
11 36
12 41
13 42
14 43
15 44
16 73
17 74
18 84
19 85
20 90
21 91
22 92
23 93
24 106
25 132
26 133
27 170
28 175
29 176
30 177
31 178
32 239
33 240
34 241
35 242
36 292
37 293
38 294
39 295
40 308
41 309
42 310
43 311
44 316
45 326
46 327
47 328
48 357
49 407
50 433
51 434
52 439
53 440
54 477
55 478
56 491
57 492
58 493
59 494
60 499
61 500
62 501
63 511
64 636
65 637
66 638
67 639
68 644
69 645
70 646
71 647
72 705
73 706
74 707
75 733
76 738
77 739
78 740
79 741
80 770
81 888
82 889
83 890
84 895
85 896
86 897
87 898
88 911
89 912
90 922
91 923
92 928
93 929
94 930
95 931
96 992
97 993
98 1043
99 1053
100 1183
